rank  layer  importance  (most redundant first)
---------------------------------------------
   1      3  0.016759
   2      5  0.017816
   3      4  0.020035
   4      6  0.023583
   5     23  0.032425
   6     28  0.032595
   7     25  0.036931
   8     21  0.037011
   9     20  0.037351
  10     27  0.037706
  11     26  0.038086
  12     19  0.040815
  13     17  0.042652
  14     18  0.042876
  15      1  0.044112
  16      9  0.044186
  17     24  0.045110
  18     13  0.045297
  19      2  0.046657
  20      7  0.047750
  21     16  0.048757
  22     29  0.050210
  23     10  0.054046
  24     12  0.054052
  25     11  0.054888
  26      8  0.055793
  27     14  0.059729
  28     22  0.061179
  29     15  0.062230
  30     30  0.068784
  31      0  0.121347
  32     31  0.139398
